  1.6455099460026644e-006
  1.6673834167369942e-006
  1.6895084820257559e-006
  1.7119458458354826e-006
  1.7346945055950775e-006
  1.7577024919753241e-006
  1.7810232416946400e-006
  1.8046594463675006e-006
  1.8286167928411974e-006
  1.8528335449731487e-006
  1.8774336450870432e-006
  1.9022946964714281e-006
  1.9275408665168307e-006
  1.9530526728615052e-006
  1.9789544565014189e-006
  2.0051196288568083e-006
  2.0316793333847235e-006
  2.0586285946231997e-006
  2.0858527169260558e-006
  2.1134705396603851e-006
  2.1414287844397390e-006
  2.1697817805599984e-006
  2.1984762269381467e-006
  2.2275703854322978e-006
  2.2570098915534862e-006
  2.2868539294452146e-006
  2.3171040792441050e-006
  2.3477070517630634e-006
  2.3787174368350469e-006
  2.4101370983183879e-006
  2.4419757178875643e-006
  2.4742280805383400e-006
  2.5068404963973675e-006
  2.5399306036553453e-006
  2.5734443465152014e-006
  2.6073805979261247e-006
  2.6418036864192642e-006
  2.6765941694594309e-006
  2.7119381930042218e-006
  2.7476537944279137e-006
  2.7838607792213601e-006
  2.8205062729356117e-006
  2.8576502671750435e-006
  2.8952947998055185e-006
  2.9333833529068101e-006
  2.9719767179748200e-006
  3.0110798380973798e-006
  3.0506942591502415e-006
  3.0908188054638899e-006
  3.1314619841740748e-006
  3.1726191147982227e-006
  3.1866821773818051e-006
  3.2007773078203415e-006
  3.2149722749400830e-006
  3.2291376645622045e-006
  3.2433992855939183e-006
  3.2577638085941013e-006
  3.2720985934379849e-006
  3.2865319951012822e-006
  3.3010008557291074e-006
  3.3155036416072818e-006
  3.3301084184780467e-006
  3.3447479080381809e-006
  3.3594315515336212e-006
  3.3741460905813150e-006
  3.3889352779076062e-006
  3.4037983351152163e-006
  3.4186687209058098e-006
  3.4335799791575510e-006
  3.4485985562382773e-006
  3.4636575913449181e-006
  3.4787899798729401e-006
  3.4939294919209155e-006
  3.5091422749053616e-006
  3.5244282360431822e-006
  3.5397875339735546e-006
