  1.1087697110428713e-006
  1.1072236329383816e-006
  1.1056852658801768e-006
  1.1041538101727489e-006
  1.1026294244055706e-006
  1.1011121844643624e-006
  1.0996017434326539e-006
  1.0980988518919379e-006
  1.0966023531818671e-006
  1.0951130357604199e-006
  1.0936307580831324e-006
  1.0921553614640837e-006
  1.0906867846740609e-006
  1.0892248559482650e-006
  1.0877696222962463e-006
  1.0863210561823698e-006
  1.0848793718817861e-006
  1.0834440183180381e-006
  1.0820153890709204e-006
  1.0805930388519996e-006
  1.0791774876186175e-006
  1.0777683258961054e-006
  1.0763656107966516e-006
  1.0749694452571646e-006
  1.0735793428379333e-006
  1.0721952576862264e-006
  1.0708178325703237e-006
  1.0694468518076536e-006
  1.0680819110505051e-006
  1.0667231316999658e-006
  1.0653703692854624e-006
  1.0640235593933355e-006
  1.0626827809926144e-006
  1.0613481139347619e-006
  1.0600191006550327e-006
  1.0586964070170672e-006
  1.0573794348724176e-006
  1.0560682637218712e-006
  1.0547632771757834e-006
  1.0534635209762249e-006
  1.0521698266562768e-006
  1.0508816316003646e-006
  1.0495994816847838e-006
  1.0483226680883295e-006
  1.0470512289516189e-006
  1.0457859132789316e-006
  1.0445257224932737e-006
  1.0432710495232418e-006
  1.0420218654822734e-006
  1.0407782005630319e-006
  1.0395396239666660e-006
  1.0383066550439563e-006
  1.0370791175235199e-006
  1.0358567100953897e-006
  1.0346396836801466e-006
  1.0334277032325501e-006
  1.0322208187129271e-006
  1.0310190804110532e-006
  1.0298225683896716e-006
  1.0286313116606206e-006
  1.0274449119205705e-006
  1.0262636638974897e-006
  1.0250874971248838e-006
  1.0239158650402177e-006
  1.0227496781769835e-006
  1.0215879574373482e-006
  1.0204311625759349e-006
  1.0192794614587700e-006
  1.0181323997194051e-006
  1.0169904713938979e-006
  1.0158528059806735e-006
  1.0147198804726475e-006
  1.0135920046940820e-006
  1.0124682969781818e-006
  1.0113498199797263e-006
  1.0102351731213894e-006
