  8.4000000000000004e+000  4.5337190263000000e+000  1.2379411765000000e+002  8.1000000000000005e-001  1.9000000000000000e-001  4.5269400000000001e-003
  8.4000000000000004e+000  4.5533411076999997e+000  1.2394352941000000e+002  8.1000000000000005e-001  1.9000000000000000e-001  4.5935200000000002e-003
  8.4000000000000004e+000  4.5730481140999997e+000  1.2409294118000000e+002  8.1000000000000005e-001  1.9000000000000000e-001  4.6609499999999996e-003
  8.4000000000000004e+000  4.5928404130000002e+000  1.2424235294000000e+002  8.1000000000000005e-001  1.9000000000000000e-001  4.7293999999999999e-003
  8.4000000000000004e+000  4.6127183736999999e+000  1.2439176471000000e+002  8.1000000000000005e-001  1.9000000000000000e-001  4.7988700000000002e-003
  8.4000000000000004e+000  4.6326823667000001e+000  1.2454117647000000e+002  8.1000000000000005e-001  1.9000000000000000e-001  4.8692199999999996e-003
  8.4000000000000004e+000  4.6527327645999996e+000  1.2469058824000000e+002  8.1000000000000005e-001  1.9000000000000000e-001  4.9405999999999999e-003
  8.4000000000000004e+000  4.6728699413000001e+000  1.2484000000000000e+002  8.1000000000000005e-001  1.9000000000000000e-001  5.0130200000000000e-003
  8.4000000000000004e+000  4.6930942722999998e+000  1.2498941176000000e+002  8.1000000000000005e-001  1.9000000000000000e-001  5.0864999999999999e-003
  8.4000000000000004e+000  4.7134061348999996e+000  1.2513882353000000e+002  8.1000000000000005e-001  1.9000000000000000e-001  5.1608699999999997e-003
  8.4000000000000004e+000  4.7338059077999999e+000  1.2528823529000000e+002  8.1000000000000005e-001  1.9000000000000000e-001  5.2364800000000000e-003
  8.4000000000000004e+000  4.7542939717000001e+000  1.2543764706000000e+002  8.1000000000000005e-001  1.9000000000000000e-001  5.3129900000000001e-003
  8.4000000000000004e+000  4.7748707084999999e+000  1.2558705882000000e+002  8.1000000000000005e-001  1.9000000000000000e-001  5.3907499999999997e-003
  8.4000000000000004e+000  4.7955365021000000e+000  1.2573647059000000e+002  8.1000000000000005e-001  1.9000000000000000e-001  5.4694300000000000e-003
  8.4000000000000004e+000  4.8162917379000003e+000  1.2588588235000000e+002  8.1000000000000005e-001  1.9000000000000000e-001  5.5493799999999996e-003
  8.4000000000000004e+000  4.8371368029999999e+000  1.2603529412000000e+002  8.1000000000000005e-001  1.9000000000000000e-001  5.6302499999999998e-003
  8.4000000000000004e+000  4.8580720863000000e+000  1.2618470588000000e+002  8.1000000000000005e-001  1.9000000000000000e-001  5.7124100000000002e-003
  8.4000000000000004e+000  4.8790979780999999e+000  1.2633411765000000e+002  8.1000000000000005e-001  1.9000000000000000e-001  5.7958500000000000e-003
  8.4000000000000004e+000  4.9002148707000002e+000  1.2648352941000000e+002  8.1000000000000005e-001  1.9000000000000000e-001  5.8802500000000001e-003
  8.4000000000000004e+000  4.9214231578999996e+000  1.2663294118000000e+002  8.1000000000000005e-001  1.9000000000000000e-001  5.9659500000000002e-003
  8.4000000000000004e+000  4.9427232351999999e+000  1.2678235294000000e+002  8.1000000000000005e-001  1.9000000000000000e-001  6.0527999999999997e-003
  8.4000000000000004e+000  4.9641154999000001e+000  1.2693176471000000e+002  8.1000000000000005e-001  1.9000000000000000e-001  6.1409600000000000e-003
  8.4000000000000004e+000  4.9856003510000004e+000  1.2708117647000000e+002  8.1000000000000005e-001  1.9000000000000000e-001  6.2302800000000004e-003
  8.4000000000000004e+000  5.0071781893000002e+000  1.2723058824000000e+002  8.1000000000000005e-001  1.9000000000000000e-001  6.3209299999999998e-003
  8.4000000000000004e+000  5.0288494171000000e+000  1.2738000000000000e+002  8.1000000000000005e-001  1.9000000000000000e-001  6.4127600000000000e-003
  8.4000000000000004e+000  5.0506144387000003e+000  1.2752941176000000e+002  8.1000000000000005e-001  1.9000000000000000e-001  6.5059400000000000e-003
  8.4000000000000004e+000  5.0724736600000000e+000  1.2767882353000000e+002  8.1000000000000005e-001  1.9000000000000000e-001  6.6004799999999997e-003
  8.4000000000000004e+000  5.0944274887000001e+000  1.2782823528999999e+002  8.1000000000000005e-001  1.9000000000000000e-001  6.6962300000000001e-003
  8.4000000000000004e+000  5.1164763342999997e+000  1.2797764706000000e+002  8.1000000000000005e-001  1.9000000000000000e-001  6.7933500000000001e-003
  8.4000000000000004e+000  5.1386206080000001e+000  1.2812705882000000e+002  8.1000000000000005e-001  1.9000000000000000e-001  6.8918499999999997e-003
  8.4000000000000004e+000  5.1608607228999999e+000  1.2827647059000000e+002  8.1000000000000005e-001  1.9000000000000000e-001  6.9917599999999996e-003
  8.4000000000000004e+000  5.1831970935999996e+000  1.2842588234999999e+002  8.1000000000000005e-001  1.9000000000000000e-001  7.0930699999999999e-003
  8.4000000000000004e+000  5.2056301369000000e+000  1.2857529412000000e+002  8.1000000000000005e-001  1.9000000000000000e-001  7.1956299999999997e-003
  8.4000000000000004e+000  5.2281602712000002e+000  1.2872470587999999e+002  8.1000000000000005e-001  1.9000000000000000e-001  7.2997799999999996e-003
  8.4000000000000004e+000  5.2507879165000002e+000  1.2887411764999999e+002  8.1000000000000005e-001  1.9000000000000000e-001  7.4053699999999997e-003
  8.4000000000000004e+000  5.2735134950999996e+000  1.2902352941000001e+002  8.1000000000000005e-001  1.9000000000000000e-001  7.5123999999999998e-003
  8.4000000000000004e+000  5.2963374306000004e+000  1.2917294118000001e+002  8.1000000000000005e-001  1.9000000000000000e-001  7.6210599999999998e-003
  8.4000000000000004e+000  5.3192601489999998e+000  1.2932235294000000e+002  8.1000000000000005e-001  1.9000000000000000e-001  7.7310100000000000e-003
  8.4000000000000004e+000  5.3422820775000002e+000  1.2947176471000000e+002  8.1000000000000005e-001  1.9000000000000000e-001  7.8427900000000005e-003
  8.4000000000000004e+000  5.3654036456999998e+000  1.2962117646999999e+002  8.1000000000000005e-001  1.9000000000000000e-001  7.9558800000000002e-003
  8.4000000000000004e+000  5.3886252847999998e+000  1.2977058824000000e+002  8.1000000000000005e-001  1.9000000000000000e-001  8.0706300000000005e-003
  8.4000000000000004e+000  5.4119474279000004e+000  1.2991999999999999e+002  8.1000000000000005e-001  1.9000000000000000e-001  8.1868900000000005e-003
  8.4000000000000004e+000  5.4353705100000003e+000  1.3006941176000001e+002  8.1000000000000005e-001  1.9000000000000000e-001  8.3048400000000008e-003
  8.4000000000000004e+000  5.4588949679000001e+000  1.3021882353000001e+002  8.1000000000000005e-001  1.9000000000000000e-001  8.4244899999999998e-003
  8.4000000000000004e+000  5.4825212404999997e+000  1.3036823529000000e+002  8.1000000000000005e-001  1.9000000000000000e-001  8.5456799999999999e-003
  8.4000000000000004e+000  5.5062497683000000e+000  1.3051764706000000e+002  8.1000000000000005e-001  1.9000000000000000e-001  8.6685900000000003e-003
  8.4000000000000004e+000  5.5300809939000004e+000  1.3066705881999999e+002  8.1000000000000005e-001  1.9000000000000000e-001  8.7932400000000008e-003
  8.4000000000000004e+000  5.5540153618000003e+000  1.3081647058999999e+002  8.1000000000000005e-001  1.9000000000000000e-001  8.9196399999999995e-003
  8.4000000000000004e+000  5.5780533185000003e+000  1.3096588234999999e+002  8.1000000000000005e-001  1.9000000000000000e-001  9.0477900000000000e-003
  8.4000000000000004e+000  5.6021953122000001e+000  1.3111529411999999e+002  8.1000000000000005e-001  1.9000000000000000e-001  9.1777200000000003e-003
  8.4000000000000004e+000  5.6264417931999997e+000  1.3126470588000001e+002  8.1000000000000005e-001  1.9000000000000000e-001  9.3094200000000005e-003
  8.4000000000000004e+000  5.6507932138000001e+000  1.3141411765000001e+002  8.1000000000000005e-001  1.9000000000000000e-001  9.3617900000000000e-003
  8.4000000000000004e+000  5.6752500280999998e+000  1.3156352941000000e+002  8.1000000000000005e-001  1.9000000000000000e-001  9.4143300000000003e-003
  8.4000000000000004e+000  5.6998126923000001e+000  1.3171294118000000e+002  8.1000000000000005e-001  1.9000000000000000e-001  9.4672400000000000e-003
  8.4000000000000004e+000  5.7244816644999998e+000  1.3186235293999999e+002  8.1000000000000005e-001  1.9000000000000000e-001  9.5201399999999999e-003
  8.4000000000000004e+000  5.7492574046999998e+000  1.3201176470999999e+002  8.1000000000000005e-001  1.9000000000000000e-001  9.5733999999999993e-003
  8.4000000000000004e+000  5.7741403752000000e+000  1.3216117646999999e+002  8.1000000000000005e-001  1.9000000000000000e-001  9.6270399999999999e-003
  8.4000000000000004e+000  5.7991310399999998e+000  1.3231058823999999e+002  8.1000000000000005e-001  1.9000000000000000e-001  9.6806700000000006e-003
  8.4000000000000004e+000  5.8242298652000004e+000  1.3246000000000001e+002  8.1000000000000005e-001  1.9000000000000000e-001  9.7346700000000008e-003
  8.4000000000000004e+000  5.8494373188999997e+000  1.3260941176000000e+002  8.1000000000000005e-001  1.9000000000000000e-001  9.7888500000000000e-003
  8.4000000000000004e+000  5.8747538712000003e+000  1.3275882353000000e+002  8.1000000000000005e-001  1.9000000000000000e-001  9.8432099999999998e-003
  8.4000000000000004e+000  5.9001799944000002e+000  1.3290823528999999e+002  8.1000000000000005e-001  1.9000000000000000e-001  9.8979500000000008e-003
  8.4000000000000004e+000  5.9257161626999997e+000  1.3305764705999999e+002  8.1000000000000005e-001  1.9000000000000000e-001  9.9528700000000008e-003
  8.4000000000000004e+000  5.9513628524000000e+000  1.3320705881999999e+002  8.1000000000000005e-001  1.9000000000000000e-001  1.0008000000000000e-002
  8.4000000000000004e+000  5.9771205416999997e+000  1.3335647058999999e+002  8.1000000000000005e-001  1.9000000000000000e-001  1.0063300000000001e-002
  8.4000000000000004e+000  6.0029897111999997e+000  1.3350588235000001e+002  8.1000000000000005e-001  1.9000000000000000e-001  1.0118900000000000e-002
  8.4000000000000004e+000  6.0289708431999998e+000  1.3365529412000001e+002  8.1000000000000005e-001  1.9000000000000000e-001  1.0174799999999999e-002
  8.4000000000000004e+000  6.0550644224000001e+000  1.3380470588000000e+002  8.1000000000000005e-001  1.9000000000000000e-001  1.0230800000000000e-002
  8.4000000000000004e+000  6.0812709355000001e+000  1.3395411765000000e+002  8.1000000000000005e-001  1.9000000000000000e-001  1.0286999999999999e-002
  8.4000000000000004e+000  6.1075908712000002e+000  1.3410352940999999e+002  8.1000000000000005e-001  1.9000000000000000e-001  1.0343600000000000e-002
  8.4000000000000004e+000  6.1340247204000002e+000  1.3425294117999999e+002  8.1000000000000005e-001  1.9000000000000000e-001  1.0400400000000001e-002
  8.4000000000000004e+000  6.1605729762000001e+000  1.3440235293999999e+002  8.1000000000000005e-001  1.9000000000000000e-001  1.0457500000000000e-002
  8.4000000000000004e+000  6.1872361335999999e+000  1.3455176470999999e+002  8.1000000000000005e-001  1.9000000000000000e-001  1.0514700000000000e-002
  8.4000000000000004e+000  6.2140146901000000e+000  1.3470117647000001e+002  8.1000000000000005e-001  1.9000000000000000e-001  1.0572200000000000e-002
  8.4000000000000004e+000  6.2409091449999998e+000  1.3485058824000001e+002  8.1000000000000005e-001  1.9000000000000000e-001  1.0630000000000001e-002
  8.4000000000000004e+000  6.2679200000000002e+000  1.3500000000000000e+002  8.1000000000000005e-001  1.9000000000000000e-001  1.0688100000000001e-002
